1 9.90534e-07 9.84907e-07
2 9.45425e-07 9.55963e-07
4 9.40228e-07 9.44853e-07
8 9.19628e-07 9.28497e-07
16 9.43136e-07 9.44328e-07
32 9.49335e-07 9.64975e-07
64 1.06158e-06 1.07217e-06
128 1.24016e-06 1.25179e-06
256 1.45288e-06 1.46461e-06
512 2.13404e-06 2.14329e-06
1024 2.85821e-06 2.86236e-06
2048 5.26581e-06 5.26905e-06
4096 8.82297e-06 8.82993e-06
8192 1.25854e-05 1.25929e-05
16384 2.06332e-05 2.06443e-05
32768 3.96315e-05 3.96474e-05
65536 7.56571e-05 7.567e-05
131072 0.000145668 0.000145674
262144 0.000288261 0.000288267
524288 0.000666036 0.00066606
1048576 0.00154278 0.00154281
2097152 0.00325729 0.00325731
4194304 0.00660297 0.006603
8388608 0.0144625 0.0144625
16777216 0.0386253 0.0386253
