1 2.9583e-07 3.07608e-07
2 2.7914e-07 2.94256e-07
4 2.82574e-07 2.83098e-07
8 2.91538e-07 3.08037e-07
16 3.10373e-07 3.16811e-07
32 3.42464e-07 3.46518e-07
64 5.80692e-07 5.84936e-07
128 6.12307e-07 6.12593e-07
256 7.30467e-07 7.33185e-07
512 1.52268e-06 1.5214e-06
1024 2.21934e-06 2.23093e-06
2048 3.17216e-06 3.1743e-06
4096 4.79445e-06 4.80366e-06
8192 8.66933e-06 8.67677e-06
16384 1.73976e-05 1.74114e-05
32768 3.47662e-05 3.4777e-05
65536 7.04738e-05 7.04769e-05
131072 0.000138403 0.000138413
262144 0.000325611 0.000325608
524288 0.000741169 0.000741158
1048576 0.00159583 0.00159581
2097152 0.00326528 0.00326527
4194304 0.00724957 0.00724956
8388608 0.0192721 0.0192721
16777216 0.0391008 0.0391008
