1 0.000003 0.000003
2 0.000003 0.000003
4 0.000003 0.000003
8 0.000003 0.000003
16 0.000003 0.000003
32 0.000003 0.000003
64 0.000004 0.000004
128 0.000004 0.000004
256 0.000004 0.000004
512 0.000005 0.000005
1024 0.000006 0.000006
2048 0.000009 0.000009
4096 0.000012 0.000012
8192 0.000016 0.000016
16384 0.000026 0.000026
32768 0.000045 0.000045
65536 0.000083 0.000083
131072 0.000154 0.000154
262144 0.000302 0.000302
524288 0.000683 0.000683
1048576 0.001583 0.001583
2097152 0.003342 0.003342
4194304 0.007048 0.007048
8388608 0.015355 0.015355
16777216 0.039717 0.039717
