1 0.000003 0.000004
2 0.000003 0.000003
4 0.000003 0.000003
8 0.000003 0.000003
16 0.000003 0.000003
32 0.000003 0.000003
64 0.000004 0.000004
128 0.000004 0.000004
256 0.000004 0.000004
512 0.000005 0.000005
1024 0.000006 0.000006
2048 0.000007 0.000007
4096 0.000008 0.000008
8192 0.000013 0.000013
16384 0.000023 0.000023
32768 0.000039 0.000039
65536 0.000076 0.000076
131072 0.000149 0.000149
262144 0.000323 0.000323
524288 0.000768 0.000768
1048576 0.001643 0.001643
2097152 0.003382 0.003382
4194304 0.007374 0.007374
8388608 0.019583 0.019583
16777216 0.039644 0.039645
