1 6.66458e-07 8.76628e-07
2 1.21919e-06 1.31336e-06
4 1.23383e-06 1.29245e-06
8 1.19676e-06 1.24618e-06
16 1.22606e-06 1.28046e-06
32 1.37054e-06 1.43994e-06
64 1.49032e-06 1.54439e-06
128 1.79218e-06 1.84735e-06
256 2.48121e-06 2.53507e-06
512 5.06352e-06 5.11907e-06
1024 7.47913e-06 7.53956e-06
2048 1.27199e-05 1.27759e-05
4096 2.26476e-05 2.27039e-05
8192 4.048e-05 4.0542e-05
16384 8.51106e-05 8.51698e-05
32768 0.00019044 0.000190507
65536 0.000399751 0.000399814
131072 0.000957607 0.000957677
262144 0.00203584 0.00203593
524288 0.00411288 0.00411358
1048576 0.00802554 0.008026
2097152 0.0165441 0.0165447
4194304 0.0330829 0.0330838
8388608 0.0664255 0.066426
16777216 0.133417 0.133417
