1 2.50497e-06 2.84662e-06
2 2.37287e-06 2.58653e-06
4 2.43827e-06 2.62448e-06
8 2.53061e-06 2.62939e-06
16 2.54022e-06 2.60935e-06
32 2.57518e-06 2.64471e-06
64 3.29056e-06 3.36131e-06
128 3.96906e-06 4.05761e-06
256 4.99579e-06 5.08014e-06
512 8.23403e-06 8.30257e-06
1024 1.19082e-05 1.19793e-05
2048 2.18995e-05 2.19708e-05
4096 4.10704e-05 4.11405e-05
8192 6.86915e-05 6.87708e-05
16384 0.00013089 0.000130993
32768 0.000271442 0.000271514
65536 0.000546937 0.000547011
131072 0.00109953 0.00109962
262144 0.00217101 0.0021711
524288 0.00433511 0.00433557
1048576 0.00858884 0.0085896
2097152 0.0172264 0.0172268
4194304 0.0344331 0.0344337
8388608 0.0688462 0.0688467
16777216 0.137651 0.137651
