1 0.000003 0.000004
2 0.000004 0.000004
4 0.000004 0.000004
8 0.000004 0.000004
16 0.000004 0.000004
32 0.000005 0.000005
64 0.000005 0.000005
128 0.000006 0.000006
256 0.000007 0.000007
512 0.000012 0.000012
1024 0.000016 0.000016
2048 0.000026 0.000026
4096 0.000047 0.000047
8192 0.000077 0.000077
16384 0.000157 0.000157
32768 0.000299 0.000300
65536 0.000586 0.000586
131072 0.001191 0.001191
262144 0.003248 0.003248
524288 0.010258 0.010258
1048576 0.022083 0.022083
2097152 0.044658 0.044658
4194304 0.089387 0.089387
8388608 0.178692 0.178691
16777216 0.375769 0.375934
