1 0.000003 0.000004
2 0.000004 0.000004
4 0.000004 0.000004
8 0.000004 0.000004
16 0.000004 0.000004
32 0.000004 0.000004
64 0.000004 0.000004
128 0.000005 0.000005
256 0.000005 0.000005
512 0.000008 0.000008
1024 0.000010 0.000010
2048 0.000015 0.000015
4096 0.000025 0.000025
8192 0.000049 0.000049
16384 0.000102 0.000102
32768 0.000211 0.000211
65536 0.000496 0.000496
131072 0.001130 0.001130
262144 0.003214 0.003214
524288 0.009656 0.009657
1048576 0.021020 0.021021
2097152 0.042680 0.042681
4194304 0.085509 0.085512
8388608 0.171274 0.171277
16777216 0.361374 0.361544
