1 2.56483e-06 2.7529e-06
2 2.87279e-06 2.98051e-06
4 3.23753e-06 3.31042e-06
8 3.82248e-06 3.89896e-06
16 4.38842e-06 4.46801e-06
32 6.62813e-06 6.70142e-06
64 9.77858e-06 9.86004e-06
128 1.7012e-05 1.71135e-05
256 2.6004e-05 2.60715e-05
512 3.82466e-05 3.83216e-05
1024 6.66626e-05 6.67344e-05
2048 0.000124831 0.000124904
4096 0.000238617 0.000238697
8192 0.000508057 0.000508214
16384 0.000994958 0.000995061
32768 0.00198999 0.00199014
65536 0.00398085 0.00398153
131072 0.00797268 0.00797316
262144 0.0166245 0.0166252
524288 0.0342994 0.0343001
1048576 0.0694226 0.0694236
2097152 0.139385 0.139385
4194304 0.278933 0.278933
8388608 0.558714 0.558714
16777216 1.12296 1.12296
