1 9.69091e-07 1.17784e-06
2 1.31388e-06 1.39879e-06
4 1.48717e-06 1.55282e-06
8 1.8901e-06 1.95702e-06
16 2.17876e-06 2.25068e-06
32 4.51717e-06 4.58923e-06
64 6.24238e-06 6.31765e-06
128 1.00118e-05 1.00721e-05
256 1.51377e-05 1.52038e-05
512 2.62178e-05 2.6288e-05
1024 5.09246e-05 5.09957e-05
2048 0.000102287 0.000102362
4096 0.000208512 0.00020858
8192 0.000479841 0.000479995
16384 0.000986948 0.000987018
32768 0.00199951 0.00199959
65536 0.00397684 0.00397745
131072 0.00803328 0.00803372
262144 0.0165901 0.0165906
524288 0.0340891 0.0340895
1048576 0.0688718 0.0688722
2097152 0.138248 0.138248
4194304 0.276751 0.276751
8388608 0.554591 0.554592
16777216 1.11305 1.11305
