1 0.000006 0.000006
2 0.000006 0.000006
4 0.000006 0.000006
8 0.000006 0.000006
16 0.000007 0.000007
32 0.000008 0.000008
64 0.000010 0.000010
128 0.000015 0.000015
256 0.000023 0.000023
512 0.000038 0.000038
1024 0.000068 0.000068
2048 0.000132 0.000132
4096 0.000235 0.000235
8192 0.000389 0.000389
16384 0.000679 0.000679
32768 0.001240 0.001241
65536 0.002379 0.002379
131072 0.005902 0.005902
262144 0.016089 0.016089
524288 0.037204 0.037205
1048576 0.076805 0.076806
2097152 0.155647 0.155649
4194304 0.314084 0.314091
8388608 0.630287 0.630299
16777216 1.267960 1.267983
