1 0.000006 0.000006
2 0.000006 0.000006
4 0.000006 0.000006
8 0.000006 0.000006
16 0.000006 0.000006
32 0.000007 0.000007
64 0.000008 0.000008
128 0.000010 0.000010
256 0.000014 0.000014
512 0.000024 0.000025
1024 0.000042 0.000042
2048 0.000075 0.000075
4096 0.000151 0.000151
8192 0.000314 0.000314
16384 0.000585 0.000585
32768 0.001131 0.001131
65536 0.002294 0.002294
131072 0.004895 0.004895
262144 0.015352 0.015353
524288 0.035303 0.035304
1048576 0.073995 0.073996
2097152 0.150158 0.150161
4194304 0.303246 0.303253
8388608 0.611610 0.611622
16777216 1.233420 1.233443
