1 2.38919e-06 2.74651e-06
2 2.30275e-06 2.49321e-06
4 2.31234e-06 2.48103e-06
8 2.38588e-06 2.47034e-06
16 2.45003e-06 2.50458e-06
32 2.56215e-06 2.6187e-06
64 2.99188e-06 3.04841e-06
128 3.3022e-06 3.35987e-06
256 3.89922e-06 3.97809e-06
512 7.22774e-06 7.28899e-06
1024 9.6965e-06 9.75992e-06
2048 1.40875e-05 1.41549e-05
4096 2.32213e-05 2.32839e-05
8192 3.84905e-05 3.85504e-05
16384 7.71837e-05 7.72592e-05
32768 0.000141182 0.000141287
65536 0.000279701 0.000279775
131072 0.000545569 0.000545632
262144 0.00106293 0.00106299
524288 0.00249835 0.00249841
1048576 0.00432537 0.00432579
2097152 0.00861075 0.00861122
4194304 0.0179716 0.017972
8388608 0.0388391 0.0388395
16777216 0.0754432 0.0754438
