1 6.58004e-07 9.03394e-07
2 7.46111e-07 8.41488e-07
4 7.42788e-07 8.07625e-07
8 8.31724e-07 8.9549e-07
16 9.3107e-07 9.94841e-07
32 1.02157e-06 1.08556e-06
64 1.36412e-06 1.4261e-06
128 1.64216e-06 1.72027e-06
256 1.90151e-06 1.97114e-06
512 3.82301e-06 3.89252e-06
1024 4.03429e-06 4.09938e-06
2048 4.57426e-06 4.63876e-06
4096 5.45298e-06 5.52523e-06
8192 7.30931e-06 7.37531e-06
16384 1.01462e-05 1.02182e-05
32768 3.75186e-05 3.75916e-05
65536 7.20238e-05 7.20923e-05
131072 0.000145985 0.00014605
262144 0.000241714 0.000241784
524288 0.00106952 0.0010696
1048576 0.00237145 0.00237148
2097152 0.00499662 0.00499704
4194304 0.00799374 0.00799419
8388608 0.022453 0.0224534
16777216 0.0397444 0.0397449
