1 0.000003 0.000004
2 0.000003 0.000003
4 0.000003 0.000003
8 0.000003 0.000003
16 0.000003 0.000003
32 0.000003 0.000003
64 0.000004 0.000004
128 0.000004 0.000004
256 0.000005 0.000005
512 0.000007 0.000007
1024 0.000007 0.000007
2048 0.000008 0.000008
4096 0.000009 0.000009
8192 0.000011 0.000011
16384 0.000014 0.000014
32768 0.000021 0.000021
65536 0.000040 0.000040
131072 0.000100 0.000100
262144 0.000240 0.000240
524288 0.000478 0.000478
1048576 0.000960 0.000960
2097152 0.002915 0.002915
4194304 0.007452 0.007452
8388608 0.015294 0.015294
16777216 0.030919 0.030919
