1 0.000003 0.000004
2 0.000004 0.000004
4 0.000004 0.000004
8 0.000004 0.000004
16 0.000004 0.000004
32 0.000004 0.000004
64 0.000005 0.000005
128 0.000005 0.000005
256 0.000006 0.000006
512 0.000010 0.000010
1024 0.000012 0.000013
2048 0.000017 0.000017
4096 0.000026 0.000026
8192 0.000044 0.000044
16384 0.000077 0.000077
32768 0.000143 0.000143
65536 0.000298 0.000298
131072 0.000580 0.000580
262144 0.001101 0.001101
524288 0.002167 0.002167
1048576 0.004546 0.004546
2097152 0.009420 0.009420
4194304 0.018794 0.018793
8388608 0.040051 0.040052
16777216 0.081638 0.081638
